{
  "advancedEditorSelectedIdentifier" : "ProjectBrowser",
  "openSceneRelativePaths" : [
    "Immersive.usda",
    "Scene.usda"
  ],
  "recentIdentifiers" : {
    "1D572CEB-057A-41C3-B575-04C37501A3C0" : [

    ]
  },
  "sceneCameraHistory" : {
    "1D572CEB-057A-41C3-B575-04C37501A3C0" : [
      {
        "date" : 749569023.331156,
        "title" : "Untitled",
        "transform" : [
          0.99999994,
          0,
          -0,
          0,
          -0,
          0.86602503,
          -0.5000007,
          0,
          0,
          0.5000007,
          0.86602503,
          0,
          0.049999356,
          0.19696426,
          0.35756874,
          1
        ]
      },
      {
        "date" : 749569021.31286,
        "title" : "Untitled",
        "transform" : [
          0.99999994,
          0,
          0,
          0,
          0,
          0.86602503,
          -0.5000007,
          0,
          0,
          0.5000007,
          0.86602503,
          0,
          1.323668,
          26.148933,
          20.815828,
          1
        ]
      },
      {
        "date" : 749568689.64722,
        "title" : "Untitled",
        "transform" : [
          0.99999994,
          0,
          0,
          0,
          0,
          0.86602503,
          -0.5000007,
          0,
          0,
          0.5000007,
          0.86602503,
          0,
          4.9703026,
          48.08824,
          59.011265,
          1
        ]
      },
      {
        "date" : 749568621.187092,
        "title" : "Untitled",
        "transform" : [
          0.99999994,
          0,
          -0,
          0,
          -0,
          0.86602503,
          -0.5000007,
          0,
          0,
          0.5000007,
          0.86602503,
          0,
          -1.4901161e-08,
          0.063436985,
          0.13053823,
          1
        ]
      },
      {
        "date" : 749568604.519262,
        "title" : "Untitled",
        "transform" : [
          0.99999994,
          0,
          0,
          0,
          0,
          0.8660249,
          -0.5000007,
          0,
          0,
          0.5000007,
          0.8660249,
          0,
          -0.21186474,
          0.9794544,
          0.7300294,
          1
        ]
      },
      {
        "date" : 749568602.603495,
        "title" : "Untitled",
        "transform" : [
          0.99999994,
          0,
          0,
          0,
          0,
          0.8660249,
          -0.5000007,
          0,
          0,
          0.5000007,
          0.8660249,
          0,
          -0.21186474,
          0.978149,
          0.72776824,
          1
        ]
      },
      {
        "date" : 749568599.444356,
        "title" : "Untitled",
        "transform" : [
          0.99999994,
          0,
          0,
          0,
          0,
          0.8660249,
          -0.5000007,
          0,
          0,
          0.5000007,
          0.8660249,
          0,
          -0.21186474,
          1.5566218,
          1.7297107,
          1
        ]
      },
      {
        "date" : 749568595.091807,
        "title" : "Untitled",
        "transform" : [
          0.99999994,
          0,
          0,
          0,
          0,
          0.8660249,
          -0.5000007,
          0,
          0,
          0.5000007,
          0.8660249,
          0,
          -3.1241572,
          22.953943,
          25.506311,
          1
        ]
      },
      {
        "date" : 749568566.80911,
        "title" : "Untitled",
        "transform" : [
          0.99999994,
          0,
          0,
          0,
          0,
          0.8660249,
          -0.5000007,
          0,
          0,
          0.5000007,
          0.8660249,
          0,
          -0.07103482,
          0.52191013,
          0.579944,
          1
        ]
      },
      {
        "date" : 749568528.253926,
        "title" : "Untitled",
        "transform" : [
          0.99999994,
          0,
          -0,
          0,
          -0,
          0.8660249,
          -0.5000007,
          0,
          0,
          0.5000007,
          0.8660249,
          0,
          0,
          3.0851488,
          3.226296,
          1
        ]
      }
    ],
    "D66134B1-3681-4A8E-AFE5-29F257229F3B" : [
      {
        "date" : 749568794.711891,
        "title" : "Untitled",
        "transform" : [
          0.9999269,
          0,
          0.012084666,
          0,
          0.0060423324,
          0.8660254,
          -0.49996343,
          0,
          -0.0104656285,
          0.49999994,
          0.86596215,
          0,
          -0.008601126,
          0.4109225,
          0.7116868,
          1
        ]
      },
      {
        "date" : 749568724.082676,
        "title" : "Untitled",
        "transform" : [
          0.9999269,
          0,
          0.012084666,
          0,
          0.0060423324,
          0.8660254,
          -0.49996343,
          0,
          -0.0104656285,
          0.49999994,
          0.86596215,
          0,
          -0.006954017,
          0.33223116,
          0.57539934,
          1
        ]
      },
      {
        "date" : 749568721.596885,
        "title" : "Untitled",
        "transform" : [
          0.9999269,
          0,
          0.012084666,
          0,
          0.0060423324,
          0.8660254,
          -0.49996343,
          0,
          -0.0104656285,
          0.49999994,
          0.86596215,
          0,
          -0.014781316,
          0.70618373,
          1.223057,
          1
        ]
      },
      {
        "date" : 749568714.334119,
        "title" : "Untitled",
        "transform" : [
          0.99999994,
          0,
          -0,
          0,
          -0,
          0.8660254,
          -0.49999994,
          0,
          0,
          0.49999994,
          0.8660254,
          0,
          0,
          0.18868297,
          0.32680854,
          1
        ]
      },
      {
        "date" : 749568627.322495,
        "title" : "Untitled",
        "transform" : [
          0.99999994,
          0,
          -0,
          0,
          -0,
          0.8660254,
          -0.49999988,
          0,
          0,
          0.49999988,
          0.8660254,
          0,
          0,
          0.3762895,
          0.65175253,
          1
        ]
      }
    ]
  },
  "selectedSceneRelativePath" : "Scene.usda"
}